2.5000
0.0754
0.1504
0.2245
0.2973
0.3685
0.4375
0.5041
0.5678
0.6282
0.6851
0.7381
0.7868
0.8311
0.8707
0.9053
0.9348
0.9589
0.9776
0.9907
1.5981
0.9999
0.9960
0.9864
0.9712
0.9505
0.9243
0.8929
0.8564
0.8151
0.7691
0.7187
0.6642
0.6060
0.5442
0.4794
0.4119
0.3420
0.2702
0.1968
0.1223
0.0472
-0.0283
-0.1036
-0.1783
-0.2520
-0.3242
-0.3946
-0.4628
-0.5283
-0.5908
-0.6500
-0.7054
-0.7569
-0.8040
-0.8465
-0.8843
-0.9170
-0.9444
-0.9665
-0.9831
-0.9941
-0.9995
-0.9991
-0.9931
-0.9814
-0.9641
-0.9413
-0.9132
-0.8798
-0.8415
-0.7984
-0.7507
-0.6987
-0.6428
-0.5832
-0.5203
-0.4544
-0.3859
-0.3153
-0.2428
-0.1690
-0.0942
-0.0189
0.0566
0.1317
0.2061
0.2793
0.3509
0.4205
0.4877
0.5521
0.6134
0.6712
0.7252
0.7751
0.8205
0.8613
0.8971
0.9279
0.9534
0.9734
0.9879
0.9968
1.0000
0.9975
0.9893
0.9755
0.9562
0.9314
0.9013
0.8660
0.8259
0.7810
0.7317
0.6782
0.6209
0.5600
0.4959
0.4290
0.3597
0.2883
0.2153
0.1410
0.0660
-0.0094
-0.0848
-0.1597
-0.2337
-0.3063
-0.3772
-0.4460
-0.5122
-0.5755
-0.6355
-0.6919
-0.7444
-0.7926
-0.8364
-0.8753
-0.9093
-0.9381
-0.9615
-0.9795
-0.9919
-0.9987
-0.9997
-0.9951
-0.9848
-0.9689
1.5525
-0.9207
-0.8886
-0.8515
-0.8096
-0.7630
-0.7121
-0.6571
-0.5984
-0.5363
-0.4711
-0.4033
-0.3331
-0.2611
-0.1876
-0.1130
-0.0377
0.0377
0.1130
0.1876
0.8611
0.3331
0.4033
0.4711
0.5363
0.5984
0.6571
0.7121
0.7630
0.8096
0.8515
0.8886
0.9207
0.9475
0.9689
0.9848
0.9951
0.9997
0.9987
0.9919
0.9795
0.9615
0.9381
0.9093
0.8753
0.8364
0.7926
0.7444
0.6919
0.6355
0.5755
0.5122
0.4460
0.3772
0.3063
0.2337
0.1597
0.0848
0.0094
-0.0660
-0.1410
-0.2153
-0.2883
-0.3597
-0.4290
-0.4959
-0.5600
-0.6209
-0.6782
-0.7317
-0.7810
-0.8259
-0.8660
-0.9013
-0.9314
-0.9562
-0.9755
-0.9893
-0.9975
-1.0000
-0.9968
-0.9879
-0.9734
-0.9534
-0.9279
-0.8971
-0.8613
-0.8205
-0.7751
-0.7252
-0.6712
-0.6134
-0.5521
-0.4877
-0.4205
-0.3509
-0.2793
-0.2061
-0.1317
-0.0566
0.0189
0.0942
0.1690
0.2428
0.3153
0.3859
0.4544
0.5203
0.5832
0.6428
0.6987
0.7507
0.7984
0.8415
0.8798
0.9132
0.9413
0.9641
0.9814
0.9931
0.9991
0.9995
0.9941
0.9831
0.9665
0.9444
0.9170
0.8843
0.8465
0.8040
0.7569
0.7054
0.6500
0.5908
0.5283
0.4628
0.3946
0.3242
0.2520
0.1783
0.1036
0.0283
-0.0472
-0.1223
-0.1968
-0.2702
-0.3420
-0.4119
-0.4794
-0.5442
1.8940
-0.6642
-0.7187
-0.7691
-0.8151
-0.8564
-0.8929
-0.9243
-0.9505
-0.9712
-0.9864
-0.9960
-0.9999
-0.9981
-0.9907
-0.9776
-0.9589
-0.9348
-0.9053
-0.8707
-0.2311
-0.7868
-0.7381
-0.6851
-0.6282
-0.5678
-0.5041
-0.4375
-0.3685
-0.2973
-0.2245
-0.1504
-0.0754
-0.0000
0.0754
0.1504
0.2245
0.2973
0.3685
0.4375
0.5041
0.5678
0.6282
0.6851
0.7381
0.7868
0.8311
0.8707
0.9053
0.9348
0.9589
0.9776
0.9907
0.9981
0.9999
0.9960
0.9864
0.9712
0.9505
0.9243
0.8929
0.8564
0.8151
0.7691
0.7187
0.6642
0.6060
0.5442
0.4794
0.4119
0.3420
0.2702
0.1968
0.1223
0.0472
-0.0283
-0.1036
-0.1783
-0.2520
-0.3242
-0.3946
-0.4628
-0.5283
-0.5908
-0.6500
-0.7054
-0.7569
-0.8040
-0.8465
-0.8843
-0.9170
-0.9444
-0.9665
-0.9831
-0.9941
-0.9995
-0.9991
-0.9931
-0.9814
-0.9641
-0.9413
-0.9132
-0.8798
-0.8415
-0.7984
-0.7507
-0.6987
-0.6428
-0.5832
-0.5203
-0.4544
-0.3859
-0.3153
-0.2428
-0.1690
-0.0942
-0.0189
0.0566
0.1317
0.2061
0.2793
0.3509
0.4205
0.4877
0.5521
0.6134
0.6712
0.7252
0.7751
0.8205
0.8613
0.8971
0.9279
0.9534
0.9734
0.9879
0.9968
1.0000
0.9975
0.9893
0.9755
0.9562
0.9314
0.9013
0.8660
0.8259
0.7810
0.7317
0.6782
0.6209
3.0600
0.4959
0.4290
0.3597
0.2883
0.2153
0.1410
0.0660
-0.0094
-0.0848
-0.1597
-0.2337
-0.3063
-0.3772
-0.4460
-0.5122
-0.5755
-0.6355
-0.6919
-0.7444
-0.1926
-0.8364
-0.8753
-0.9093
-0.9381
-0.9615
-0.9795
-0.9919
-0.9987
-0.9997
-0.9951
-0.9848
-0.9689
-0.9475
-0.9207
-0.8886
-0.8515
-0.8096
-0.7630
-0.7121
-0.6571
-0.5984
-0.5363
-0.4711
-0.4033
-0.3331
-0.2611
-0.1876
-0.1130
-0.0377
0.0377
0.1130
0.1876
0.2611
0.3331
0.4033
0.4711
0.5363
0.5984
0.6571
0.7121
0.7630
0.8096
0.8515
0.8886
0.9207
0.9475
0.9689
0.9848
0.9951
0.9997
0.9987
0.9919
0.9795
0.9615
0.9381
0.9093
0.8753
0.8364
0.7926
0.7444
0.6919
0.6355
0.5755
0.5122
0.4460
0.3772
0.3063
0.2337
0.1597
0.0848
0.0094
-0.0660
-0.1410
-0.2153
-0.2883
-0.3597
-0.4290
-0.4959
-0.5600
-0.6209
-0.6782
-0.7317
-0.7810
-0.8259
-0.8660
-0.9013
-0.9314
-0.9562
-0.9755
-0.9893
-0.9975
-1.0000
-0.9968
-0.9879
-0.9734
-0.9534
-0.9279
-0.8971
-0.8613
-0.8205
-0.7751
-0.7252
-0.6712
-0.6134
-0.5521
-0.4877
-0.4205
-0.3509
-0.2793
-0.2061
-0.1317
-0.0566
0.0189
0.0942
0.1690
0.2428
0.3153
0.3859
0.4544
0.5203
0.5832
0.6428
0.6987
0.7507
0.7984
0.8415
0.8798
0.9132
0.9413
3.4641
0.9814
0.9931
0.9991
0.9995
0.9941
0.9831
0.9665
0.9444
0.9170
0.8843
0.8465
0.8040
0.7569
0.7054
0.6500
0.5908
0.5283
0.4628
0.3946
0.9242
0.2520
0.1783
0.1036
0.0283
-0.0472
-0.1223
-0.1968
-0.2702
-0.3420
-0.4119
-0.4794
-0.5442
-0.6060
-0.6642
-0.7187
-0.7691
-0.8151
-0.8564
-0.8929
-0.9243
-0.9505
-0.9712
-0.9864
-0.9960
-0.9999
-0.9981
-0.9907
-0.9776
-0.9589
-0.9348
-0.9053
-0.8707
-0.8311
-0.7868
-0.7381
-0.6851
-0.6282
-0.5678
-0.5041
-0.4375
-0.3685
-0.2973
-0.2245
-0.1504
-0.0754
-0.0000
0.0754
0.1504
0.2245
0.2973
0.3685
0.4375
0.5041
0.5678
0.6282
0.6851
0.7381
0.7868
0.8311
0.8707
0.9053
0.9348
0.9589
0.9776
0.9907
0.9981
0.9999
0.9960
0.9864
0.9712
0.9505
0.9243
0.8929
0.8564
0.8151
0.7691
0.7187
0.6642
0.6060
0.5442
0.4794
0.4119
0.3420
0.2702
0.1968
0.1223
0.0472
-0.0283
-0.1036
-0.1783
-0.2520
-0.3242
-0.3946
-0.4628
-0.5283
-0.5908
-0.6500
-0.7054
-0.7569
-0.8040
-0.8465
-0.8843
-0.9170
-0.9444
-0.9665
-0.9831
-0.9941
-0.9995
-0.9991
-0.9931
-0.9814
-0.9641
-0.9413
-0.9132
-0.8798
-0.8415
-0.7984
-0.7507
-0.6987
-0.6428
-0.5832
-0.5203
-0.4544
-0.3859
-0.3153
-0.2428
-0.1690
-0.0942
-0.0189
2.5566
0.1317
0.2061
0.2793
0.3509
0.4205
0.4877
0.5521
0.6134
0.6712
0.7252
0.7751
0.8205
0.8613
0.8971
0.9279
0.9534
0.9734
0.9879
0.9968
1.6000
0.9975
0.9893
0.9755
0.9562
0.9314
0.9013
0.8660
0.8259
0.7810
0.7317
0.6782
0.6209
0.5600
0.4959
0.4290
0.3597
0.2883
0.2153
0.1410
0.0660
-0.0094
-0.0848
-0.1597
-0.2337
-0.3063
-0.3772
-0.4460
-0.5122
-0.5755
-0.6355
-0.6919
-0.7444
-0.7926
-0.8364
-0.8753
-0.9093
-0.9381
-0.9615
-0.9795
-0.9919
-0.9987
-0.9997
-0.9951
-0.9848
-0.9689
-0.9475
-0.9207
-0.8886
-0.8515
-0.8096
-0.7630
-0.7121
-0.6571
-0.5984
-0.5363
-0.4711
-0.4033
-0.3331
-0.2611
-0.1876
-0.1130
-0.0377
0.0377
0.1130
0.1876
0.2611
0.3331
0.4033
0.4711
0.5363
0.5984
0.6571
0.7121
0.7630
0.8096
0.8515
0.8886
0.9207
0.9475
0.9689
0.9848
0.9951
0.9997
0.9987
0.9919
0.9795
0.9615
0.9381
0.9093
0.8753
0.8364
0.7926
0.7444
0.6919
0.6355
0.5755
0.5122
0.4460
0.3772
0.3063
0.2337
0.1597
0.0848
0.0094
-0.0660
-0.1410
-0.2153
-0.2883
-0.3597
-0.4290
-0.4959
-0.5600
-0.6209
-0.6782
-0.7317
-0.7810
-0.8259
-0.8660
-0.9013
-0.9314
-0.9562
-0.9755
-0.9893
-0.9975
-1.0000
-0.9968
-0.9879
-0.9734
-0.9534
1.5721
-0.8971
-0.8613
-0.8205
-0.7751
-0.7252
-0.6712
-0.6134
-0.5521
-0.4877
-0.4205
-0.3509
-0.2793
-0.2061
-0.1317
-0.0566
0.0189
0.0942
0.1690
0.2428
0.9153
0.3859
0.4544
0.5203
0.5832
0.6428
0.6987
0.7507
0.7984
0.8415
0.8798
0.9132
0.9413
0.9641
0.9814
0.9931
0.9991
0.9995
0.9941
0.9831
0.9665
0.9444
0.9170
0.8843
0.8465
0.8040
0.7569
0.7054
0.6500
0.5908
0.5283
0.4628
0.3946
0.3242
0.2520
0.1783
0.1036
0.0283
-0.0472
-0.1223
-0.1968
-0.2702
-0.3420
-0.4119
-0.4794
-0.5442
-0.6060
-0.6642
-0.7187
-0.7691
-0.8151
-0.8564
-0.8929
-0.9243
-0.9505
-0.9712
-0.9864
-0.9960
-0.9999
-0.9981
-0.9907
-0.9776
-0.9589
-0.9348
-0.9053
-0.8707
-0.8311
-0.7868
-0.7381
-0.6851
-0.6282
-0.5678
-0.5041
-0.4375
-0.3685
-0.2973
-0.2245
-0.1504
-0.0754
-0.0000
